a162=0.909699
b162=0.022801
c162=0.052012

a202=0.570858
b202=0.000551
c202=0.091002
	
a322=0.072384
b322=0.035177
c322=0.193528

a552=0.042451
b552=-0.006483
c552=0.063732

a203=-4.606642
b203=17.443396
c203=24.110566

a233=1.571735
b233=0.821060
c233=1.143110

a553=0.453879
b553=0.151867
c553=0.342180
