	
a162=0.918314
b162=0.009618
c162=0.029816
	
a202=0.585545
b202=0.024937
c202=0.097739

a262=0.086829
b262=0.151989
c262=0.386408
	
a322=0.052471
b322=0.105502
c322=0.282019

a422=0.033067
b422=0.072712
c422=0.197875
	
a552=0.020675
b552=0.052235
c552=0.145394

a203=-1.381140
b203=6.693482
c203=10.124692

a233=-1.156625
b233=6.198338
c233=9.244168

a303=1.192100
b303=0.801507
c303=1.193999

a353=1.208566
b353=0.357419
c353=0.549139

a403=1.348936
b403=-0.238384
c403=-0.353725
	
a453=1.070882
b453=-0.009805
c453=-0.008929

a553=0.492340
b553=0.061658
c553=0.213709
