	
a162=0.918314
b162=0.009618
c162=0.029816
	
a202=0.585545
b202=0.024937
c202=0.097739

a262=0.086829
b262=0.151989
c262=0.386408
	
a322=0.052471
b322=0.105502
c322=0.282019

a422=0.033067
b422=0.072712
c422=0.197875
	
a552=0.020675
b552=0.052235
c552=0.145394

a203=-4.606642
b203=17.443396
c203=24.110566

a233=1.571735
b233=0.821060
c233=1.143110

a303=1.003605
b303=1.509744
c303=2.086988

a353=1.013714
b353=0.749523
c353=1.136778
	
a403=1.315589
b403=-0.172341
c403=-0.254719

a453=1.104152
b453=-0.071211
c453=-0.103993

a553=0.453879
b553=0.151867
c553=0.342180
